      0.25   0.000643    0.00594    0.00128     0.0405      0.106     0.0093     0.0105      0.142      0.884    0.00061       1.83      0.715     0.0747     0.0422      0.216      0.879      0.673      0.575        0.2       2.65          2          0     0.0333      0.508      0.296          0     0.0802      0.732          0          0          0        0.5      0.561          0
         0          0    0.00571    0.00113     0.0402      0.115    0.00975     0.0102      0.135      0.907    0.00061       1.83      0.692      0.067     0.0422      0.211      0.971      0.673      0.541        0.2       2.72       2.08          0     0.0345      0.505      0.296          0     0.0761      0.732          0          0          0        0.5      0.517          0
         0          0    0.00516    0.00107      0.041      0.114    0.00931     0.0104       0.14       0.89    0.00061       1.83      0.715     0.0747     0.0429      0.215      0.896      0.671      0.576        0.2       2.66       2.01          0      0.034      0.508       0.29          0     0.0802      0.723          0          0          0        0.5      0.566          0
      0.25   0.000643    0.00555   0.000949     0.0329      0.111     0.0094     0.0102      0.135      0.907     0.0005       1.83      0.626     0.0657     0.0349      0.211      0.961      0.654      0.514        0.2       2.55       2.54          0     0.0271      0.619      0.296          0     0.0758      0.794          0          0          0        0.5      0.517          0
         0          0    0.00441    0.00103     0.0398     0.0993    0.00922    0.00876      0.157      0.884    0.00049       1.83      0.636     0.0716     0.0422      0.216      0.867      0.673      0.575        0.2       2.65          2          0     0.0328      0.536      0.312          0     0.0742      0.575          0          0          0        0.5      0.523          0
         0          0    0.00543   0.000878      0.036      0.111    0.00965     0.0103      0.135      0.912    0.00051       1.92      0.612     0.0662     0.0373      0.211      0.961      0.694      0.514        0.2       2.59       2.33          0     0.0264      0.594      0.302          0     0.0798      0.794          0          0          0        0.5      0.521          0
      0.25   0.000643    0.00514   0.000855     0.0289      0.112    0.00812     0.0123      0.134      0.892    0.00081       1.64      0.683     0.0915     0.0302      0.215      0.749      0.673        0.5        0.2       2.46       2.25          0     0.0446      0.589       0.34          0     0.0893       0.86          0          0          0        0.5      0.452          0
         0          0    0.00501   0.000835     0.0398      0.107    0.00925     0.0108      0.142      0.879    0.00059       1.86      0.664     0.0759     0.0427      0.216      0.887      0.671      0.575        0.2       2.35          2          0     0.0345      0.503      0.296          0      0.079      0.706          0          0          0        0.5      0.561          0
         0          0    0.00462   0.000876     0.0392      0.112    0.00788     0.0127      0.165      0.841     0.0007       1.71      0.662     0.0767      0.042        0.2      0.758      0.673      0.568        0.2       2.33          2          0     0.0333      0.513       0.35          0      0.109      0.533          0          0          0        0.5      0.439          0
         0          0     0.0049   0.000838     0.0364      0.107    0.00918     0.0101      0.135      0.935    0.00037       1.72      0.626     0.0732     0.0383      0.242      0.749       0.55      0.514        0.2       2.53       2.54          0     0.0294      0.487      0.354          0     0.0714      0.801          0          0          0        0.5      0.606          0
         0          0    0.00459   0.000855     0.0398      0.106    0.00908     0.0104       0.14      0.884    0.00061       1.83      0.718     0.0748     0.0419      0.213      0.879       0.67      0.575        0.2       2.64       2.09          0     0.0333      0.508      0.291          0     0.0807      0.741          0          0          0        0.5      0.563          0
         0          0    0.00456   0.000856     0.0406     0.0912    0.00785     0.0105      0.156      0.844     0.0006       1.93      0.566     0.0767     0.0428        0.2      0.777      0.672      0.507        0.2        2.7       2.49          0      0.031      0.513      0.297          0     0.0909      0.565          0          0          0        0.5      0.556          0
         0          0    0.00481   0.000777     0.0343      0.109    0.00877    0.00967      0.119      0.899    0.00058       1.86      0.662     0.0447     0.0357      0.211      0.961      0.655      0.634        0.2       2.59       2.33          0     0.0279      0.434      0.333          0     0.0798        0.9          0          0          0        0.5      0.369          0
         0          0    0.00471   0.000764     0.0334      0.111    0.00955     0.0105      0.135      0.909    0.00052       1.99      0.604     0.0638     0.0355      0.236      0.952      0.643        0.5        0.2       2.23       2.33          0     0.0263      0.549      0.323          0     0.0814      0.837          0          0          0        0.5      0.556          0
         0          0    0.00462   0.000773     0.0318      0.108     0.0101     0.0107      0.126      0.904    0.00051       2.07      0.557     0.0638     0.0335      0.243      0.967      0.616        0.5        0.2       2.24       2.47          0     0.0274      0.587      0.323          0     0.0863      0.878          0          0          0        0.5      0.556          0
         0          0    0.00458   0.000754     0.0342      0.106     0.0106       0.01      0.125       0.93    0.00041       2.01      0.567     0.0697     0.0355      0.249      0.952      0.643       0.64        0.2       2.25          2          0     0.0345      0.567      0.323          0     0.0851      0.899          0          0          0        0.5      0.557          0
         0          0    0.00463   0.000735     0.0336      0.106    0.00985     0.0106      0.137      0.915    0.00051       1.99      0.604     0.0681     0.0355      0.229       1.07      0.643        0.5        0.2       2.34          2          0     0.0258      0.591      0.297          0     0.0751      0.828          0          0          0        0.5      0.547          0
         0          0    0.00434   0.000761     0.0308      0.113    0.00961     0.0101      0.137      0.903     0.0005       1.81      0.649     0.0657     0.0327       0.21      0.994      0.692      0.512        0.2       2.53       2.65          0     0.0265      0.626       0.31          0     0.0762      0.815          0          0          0        0.5      0.488          0
         0          0     0.0046   0.000714     0.0396      0.108     0.0094     0.0105      0.144      0.888    0.00059        1.8       0.71     0.0701     0.0423      0.216      0.879      0.669      0.575        0.2       2.46          2          0     0.0298      0.454      0.325          0     0.0764      0.683          0          0          0        0.5      0.554          0
         0          0    0.00427   0.000724     0.0319       0.11     0.0127     0.0106      0.176       0.95    0.00051       1.99      0.527      0.081     0.0332      0.248       1.13      0.643        0.5        0.2       2.34          2          0     0.0258      0.591      0.287          0     0.0769      0.828          0          0          0        0.5      0.513          0
         0          0    0.00441   0.000701     0.0407      0.106    0.00899     0.0102      0.141      0.887    0.00061       1.73      0.722     0.0739      0.043      0.216      0.866      0.655      0.575        0.2        2.6          2          0     0.0341      0.495      0.296          0     0.0764      0.736          0          0          0        0.5      0.562          0
         0          0    0.00427   0.000699     0.0345      0.104    0.00998    0.00986      0.126       0.91    0.00057       1.82      0.604     0.0681     0.0368      0.234       1.07      0.662       0.52        0.2       2.34       2.17          0     0.0249      0.615      0.266          0     0.0739      0.787          0          0          0        0.5       0.59          0
         0          0    0.00398   0.000721     0.0336      0.107     0.0104     0.0112      0.141      0.914    0.00048       2.12      0.604     0.0638     0.0355      0.229       1.07      0.643      0.516        0.2       2.49          2          0     0.0242      0.585      0.287          0     0.0777      0.805          0          0          0        0.5      0.587          0
         0          0    0.00431   0.000655     0.0407      0.106    0.00921     0.0105      0.142      0.881    0.00062       1.87      0.705     0.0768     0.0422      0.213      0.888      0.664      0.575        0.2       2.61       2.06          0     0.0333      0.497      0.298          0     0.0807      0.742          0          0          0        0.5       0.57          0
         0          0    0.00421   0.000666     0.0323      0.111     0.0102     0.0108      0.137      0.925    0.00048       2.01      0.585     0.0687     0.0341      0.235       1.03      0.658      0.502        0.2       2.33       2.25          0     0.0257      0.581      0.298          0     0.0778      0.865          0          0          0        0.5       0.54          0
         0          0    0.00421   0.000664     0.0404      0.114     0.0104     0.0103      0.142      0.885    0.00061        1.7      0.715     0.0687     0.0422      0.239      0.901      0.723      0.647        0.2        2.6          2          0     0.0328      0.508      0.281          0     0.0786      0.732          0          0          0        0.5      0.561          0
         0          0    0.00416   0.000661     0.0339      0.113    0.00991       0.01      0.126      0.905    0.00058       1.81       0.58      0.065     0.0363      0.231       1.05      0.662      0.535        0.2       2.22          2          0     0.0249       0.62      0.259          0     0.0752      0.785          0          0          0        0.5      0.585          0
         0          0    0.00418   0.000645     0.0353      0.106    0.00968     0.0108      0.136      0.919     0.0005       2.01      0.602     0.0681      0.037      0.223       1.08      0.628        0.5        0.2       2.37       2.14          0     0.0264      0.577      0.288          0     0.0762      0.834          0          0          0        0.5      0.551          0
         0          0    0.00385   0.000646     0.0364      0.107    0.00931     0.0108      0.135      0.902    0.00049       1.99      0.617     0.0649     0.0385      0.231       0.97      0.613        0.5        0.2       2.08       2.25          0     0.0255      0.575      0.323          0      0.084      0.837          0          0          0        0.5      0.618          0
         0          0    0.00379   0.000649     0.0352      0.108    0.00803       0.01      0.131       0.89    0.00066       1.83       0.95     0.0747      0.036        0.2      0.879      0.788      0.575        0.2       2.65          2          0     0.0312      0.466       0.25          0     0.0802      0.846          0          0          0        0.5      0.498          0
         0          0    0.00395   0.000613     0.0404      0.113      0.009     0.0104      0.148      0.788    0.00071       1.83      0.651     0.0729     0.0422        0.2      0.919      0.638      0.569        0.2       2.52          2          0     0.0277      0.508      0.391          0      0.062        0.9          0          0          0        0.5      0.561          0
         0          0    0.00383   0.000613     0.0339      0.108     0.0094     0.0103      0.135       0.91    0.00051       1.99        0.6     0.0645     0.0355      0.235      0.953      0.637        0.5        0.2       2.21       2.33          0     0.0263       0.54      0.321          0     0.0812      0.824          0          0          0        0.5      0.548          0
         0          0    0.00378   0.000615      0.041      0.105    0.00919     0.0105      0.141      0.882    0.00062       1.83      0.715     0.0759     0.0426      0.216       0.88      0.673      0.575        0.2       2.62          2          0     0.0331      0.508      0.296          0     0.0802      0.735          0          0          0        0.5       0.56          0
         0          0    0.00362   0.000628     0.0314      0.156     0.0113     0.0105      0.157       0.86    0.00043       1.99      0.363     0.0727      0.033       0.29      0.919      0.712        0.5        0.2          2       2.56          0     0.0336      0.511      0.231          0     0.0756      0.883          0          0          0        0.5      0.386          0
         0          0    0.00368   0.000613     0.0351      0.106    0.00911    0.00986      0.125       0.91    0.00054       2.22      0.572      0.074     0.0368      0.212       1.08      0.638        0.5        0.2       2.22       2.17          0     0.0241      0.729      0.279          0     0.0739      0.711          0          0          0        0.5      0.538          0
         0          0    0.00323   0.000623     0.0363      0.105    0.00961    0.00995      0.127      0.905    0.00053       2.07      0.577     0.0655     0.0387      0.229      0.944      0.712      0.517        0.2          2          2          0     0.0238      0.586      0.291          0     0.0753      0.889          0          0          0        0.5      0.623          0
         0          0    0.00316   0.000507     0.0423      0.107    0.00913    0.00861      0.142      0.884    0.00061       1.83       0.95     0.0804     0.0447      0.224      0.826      0.692      0.535        0.2       2.65          2          0     0.0305      0.491      0.296          0     0.0802      0.644          0          0          0        0.5      0.537          0
         0          0    0.00293   0.000531     0.0348      0.109    0.00907     0.0102      0.125      0.912    0.00054       2.19      0.572     0.0736     0.0368      0.211       1.04      0.688        0.5        0.2       2.23          2          0      0.024      0.725      0.272          0     0.0739      0.765          0          0          0        0.5      0.574          0
         0          0    0.00272   0.000526     0.0399      0.107    0.00902     0.0106      0.143      0.891     0.0006       1.83      0.702     0.0764     0.0418      0.211      0.877      0.673      0.579        0.2       2.65          2          0     0.0333      0.515      0.298          0     0.0805      0.726          0          0          0        0.5      0.566          0
         0          0    0.00285   0.000501     0.0319      0.103     0.0097     0.0118      0.119      0.944    0.00046       1.99      0.596     0.0685     0.0338      0.235      0.951       0.63      0.555        0.2       2.44       2.21          0     0.0262      0.508      0.314          0      0.079      0.837          0          0          0        0.5      0.565          0
         0          0    0.00311   0.000466     0.0425      0.105    0.00979     0.0113      0.137      0.898    0.00062       1.79      0.789     0.0793     0.0436      0.232      0.896      0.725      0.548        0.2       2.65       2.55          0     0.0325       0.49      0.306          0     0.0855       0.69          0          0          0        0.5      0.558          0
         0          0    0.00286   0.000492      0.034        0.1     0.0103      0.012      0.137      0.914    0.00051       1.99      0.506     0.0624     0.0353      0.231       1.14      0.676        0.5        0.2       2.38        2.2          0     0.0258      0.591      0.346          0     0.0794      0.736          0          0          0        0.5      0.564          0
         0          0    0.00302    0.00045     0.0431      0.117    0.00893    0.00956      0.146      0.916    0.00063       1.73      0.719      0.087     0.0441      0.216      0.847      0.726      0.568        0.2       2.63       2.08          0     0.0333      0.508      0.301          0     0.0922      0.732          0          0          0        0.5      0.553          0
         0          0    0.00288   0.000449     0.0435      0.111    0.00974     0.0105      0.142      0.884    0.00061       1.68      0.718     0.0708     0.0449      0.228      0.879      0.673      0.521        0.2       2.58       2.92          0     0.0385      0.502      0.339          0     0.0854      0.732          0          0          0        0.5      0.578          0
         0          0    0.00251   0.000472     0.0265      0.114     0.0109     0.0117      0.142      0.901    0.00055       1.83      0.629     0.0747      0.028      0.283      0.785      0.667       0.65        0.2        2.5          2          0     0.0326       0.53      0.245          0      0.118      0.541          0          0          0        0.5      0.561          0
         0          0    0.00228   0.000478     0.0399     0.0903    0.00955     0.0108      0.146      0.888    0.00061       1.83      0.721     0.0699     0.0422      0.222      0.877        0.7      0.553        0.2       2.43          2          0     0.0333       0.47      0.296          0     0.0813      0.746          0          0          0        0.5      0.561          0
         0          0    0.00251   0.000407      0.043      0.111     0.0076     0.0105      0.142      0.897    0.00069       1.77      0.628     0.0767     0.0441      0.208      0.687      0.642      0.584        0.2       2.69          2          0     0.0358      0.498      0.248          0     0.0837      0.677          0          0          0        0.5      0.489          0
         0          0    0.00246   0.000411     0.0361      0.108    0.00965     0.0141      0.139      0.978    0.00047       1.85      0.712     0.0694     0.0349      0.211       1.13       0.56      0.541        0.2        2.7          2          0     0.0388      0.644      0.342          0     0.0577      0.731          0          0          0        0.5      0.491          0
         0          0    0.00184   0.000442     0.0544     0.0594    0.00995     0.0105      0.119      0.924    0.00066       1.85      0.812     0.0636     0.0522        0.2       1.05      0.756      0.578        0.2       2.72       2.13          0     0.0333      0.508      0.328          0     0.0802      0.732          0          0          0        0.5      0.562          0
         0          0    0.00234   0.000375     0.0588      0.207    0.00987    0.00812      0.142      0.861    0.00061       1.56      0.901     0.0747     0.0622      0.232      0.879      0.673      0.601        0.2          2          2          0     0.0352      0.484      0.296          0     0.0711      0.624          0          0          0        0.5      0.561          0
         0          0     0.0019   0.000349     0.0445     0.0789     0.0089     0.0105      0.145      0.947    0.00066       2.14       0.34     0.0626     0.0448        0.2      0.908      0.331      0.503        0.2       2.23          2          0     0.0263      0.595      0.323          0     0.0814      0.744          0          0          0        0.5      0.556          0
         0          0    0.00152   0.000375     0.0387       0.23      0.011    0.00855      0.116      0.912     0.0005       2.08      0.776     0.0829     0.0352       0.25      0.911      0.907      0.898        0.2       2.77          3          0     0.0201      0.725      0.332          0      0.136      0.856          0          0          0        0.5      0.731          0
         0          0    0.00144   0.000368     0.0442     0.0389    0.00909    0.00941      0.142      0.915    0.00061       1.78      0.606     0.0747     0.0401      0.216      0.879      0.659      0.572        0.2       2.75       2.11          0      0.029      0.604      0.286          0     0.0757      0.672          0          0          0        0.5      0.649          0
         0          0    0.00186    0.00029     0.0431      0.102    0.00869     0.0111      0.136      0.875    0.00061       1.95      0.735     0.0747     0.0436      0.203      0.888      0.666      0.581        0.2       2.63          2          0     0.0294      0.507      0.318          0     0.0839      0.731          0          0          0        0.5      0.513          0
         0          0    0.00139   0.000331     0.0484     0.0478    0.00908     0.0116      0.154      0.816    0.00047       1.97      0.787     0.0781     0.0451      0.222      0.813      0.739      0.595        0.2       2.81       2.56          0     0.0354      0.508      0.307          0     0.0802      0.732          0          0          0        0.5      0.561          0
         0          0    0.00164    0.00026     0.0432      0.108     0.0109     0.0124      0.137      0.882    0.00061       2.23      0.669     0.0836     0.0437      0.256      0.926      0.735        0.5        0.2       2.34          2          0     0.0333      0.508      0.248          0     0.0846      0.624          0          0          0        0.5      0.641          0
         0          0    0.00117   0.000302     0.0394      0.382     0.0114    0.00889      0.116      0.899    0.00052       2.09      0.703     0.0828     0.0352      0.257      0.918      0.888      0.945        0.2       2.73          3          0     0.0204      0.708      0.332          0      0.142      0.828          0          0          0        0.5      0.672          0
         0          0    0.00113   0.000276     0.0523     0.0361    0.00847     0.0116      0.161      0.883    0.00067       1.94      0.715     0.0747      0.045        0.2      0.879      0.673      0.516        0.2       3.09          2          0     0.0369      0.574      0.296          0     0.0844      0.676          0          0          0        0.5      0.545          0
         0          0    0.00104   0.000276      0.045     0.0379     0.0109     0.0143       0.13      0.835    0.00061       1.83      0.597     0.0752     0.0394      0.269      0.814      0.673      0.593        0.2       2.73       2.84          0     0.0343      0.508      0.311          0      0.092      0.759          0          0          0        0.5      0.392          0
   0.00238     0.0226    0.00116    0.00025     0.0919      0.269     0.0158     0.0106      0.103      0.905    0.00044        2.2      0.827       0.09     0.0443      0.257      0.918      0.888      0.907        0.2       3.72          3          0      0.015      0.646      0.293          0       0.14      0.631          0          0          0        0.5      0.616          0
         0          0    0.00109   0.000242       0.05      0.343     0.0108     0.0142      0.103      0.977    0.00044       1.73       0.74     0.0878     0.0426      0.241      0.918      0.931      0.957        0.2       3.54       3.65          0      0.015      0.567      0.293          0      0.125      0.498          0          0          0        0.5      0.558          0
         0          0    0.00107   0.000227     0.0449     0.0622    0.00974    0.00882      0.117      0.912    0.00046       1.72      0.776     0.0813     0.0374       0.25      0.746      0.936      0.797        0.2       2.87       2.92          0      0.019      0.725      0.336          0      0.131        0.9          0          0          0        0.5      0.777          0
         0          0   0.000982   0.000218     0.0495     0.0323    0.00834     0.0105      0.137      0.906    0.00061       2.24      0.718     0.0747     0.0422        0.2      0.879      0.673        0.5        0.2       2.85       2.85          0     0.0313      0.471      0.274          0      0.089      0.833          0          0          0        0.5      0.561          0
  8.09e-05    0.00188    0.00102   0.000209     0.0416      0.549     0.0106    0.00846      0.103      0.927    0.00042       1.83      0.684      0.106      0.034      0.231      0.936      0.986          1        0.2       3.33          3          0     0.0169      0.672      0.237          0       0.17      0.658          0          0          0        0.5      0.515          0
         0          0   0.000911   0.000217     0.0509     0.0304    0.00957     0.0105      0.127      0.908    0.00062       1.82      0.713     0.0689     0.0425      0.211      0.932      0.661      0.523        0.2       2.74       2.14          0     0.0345      0.505      0.297          0     0.0749      0.758          0          0          0        0.5      0.505          0
  0.000571     0.0319   0.000857   0.000219      0.055      0.418      0.012     0.0106      0.103        0.9    0.00044       2.14      0.843     0.0914     0.0435      0.263      0.931      0.885      0.905        0.2       3.61       3.39          0     0.0137       0.67      0.293          0      0.139      0.632          0          0          0        0.5       0.63          0
   0.00219     0.0122    0.00109   0.000182       0.06      0.201     0.0108     0.0105       0.13      0.922    0.00061       1.23      0.803     0.0764     0.0571       0.23      0.956      0.558      0.575        0.2       2.65          2          0     0.0281      0.508      0.277          0     0.0785       0.43          0          0          0        0.5      0.516          0
         0          0   0.000823   0.000206     0.0566      0.155     0.0161     0.0102      0.103      0.878    0.00044       2.04      0.729     0.0763     0.0337      0.241       1.03      0.554      0.913        0.2       3.72       4.67          0     0.0143      0.646      0.293          0      0.118      0.658          0          0          0        0.5      0.673          0
         0          0   0.000885   0.000194     0.0499     0.0356     0.0127     0.0107      0.167      0.952    0.00062       1.68      0.545      0.075     0.0422      0.238        1.2      0.771      0.501        0.2       2.72       2.08          0     0.0345      0.576      0.289          0     0.0853      0.834          0          0          0        0.5      0.524          0
         0          0   0.000839   0.000196     0.0855       0.79     0.0159     0.0106      0.103      0.907    0.00044        2.2      0.827     0.0891     0.0439      0.255      0.914      0.888      0.909        0.2       3.74       2.96          0      0.015      0.647      0.293          0      0.141      0.637          0          0          0        0.5      0.614          0
         0          0   0.000837   0.000183     0.0507     0.0297    0.00954     0.0105      0.142      0.884    0.00055       1.85      0.783     0.0565     0.0422      0.221      0.879      0.552       0.59        0.2       3.25          2          0     0.0402      0.502      0.296          0     0.0818      0.616          0          0          0        0.5      0.561          0
  0.000385    0.00073   0.000836   0.000174     0.0862      0.219      0.017     0.0105      0.102      0.902    0.00044        2.2      0.819       0.09     0.0443      0.253      0.922      0.891      0.887        0.2       3.72       2.98          0      0.015       0.65      0.295          0       0.14      0.645          0          0          0        0.5      0.628          0
         0          0   0.000887   0.000165     0.0863      0.389     0.0195     0.0106      0.104      0.905    0.00043       2.16      0.827     0.0877     0.0435      0.262      0.914      0.899      0.901        0.2       3.72       2.86          0      0.015      0.644      0.288          0      0.139      0.625          0          0          0        0.5       0.62          0
   0.00229     0.0366   0.000834   0.000166      0.087      0.474     0.0158     0.0101      0.107       0.92    0.00044       2.29      0.798     0.0906     0.0443      0.261      0.919      0.888      0.907        0.2       3.73       2.92          0     0.0158       0.67      0.278          0      0.123       0.66          0          0          0        0.5      0.678          0
         0          0   0.000757   0.000172     0.0565     0.0424    0.00969     0.0108      0.129      0.921    0.00053       1.64      0.614     0.0747     0.0484      0.216      0.949      0.756      0.589        0.2       3.07          2          0     0.0324      0.516      0.371          0     0.0802      0.621          0          0          0        0.5      0.541          0
         0          0   0.000764   0.000168     0.0882     0.0763     0.0186    0.00908     0.0821      0.859    0.00038        2.2      0.827      0.106     0.0463      0.299      0.915      0.888      0.897        0.2       3.72       2.01          0     0.0139      0.646      0.233          0       0.14      0.631          0          0          0        0.5      0.661          0
   0.00151      0.015   0.000807   0.000159     0.0858      0.403     0.0181     0.0101      0.105      0.935    0.00044       2.35      0.766      0.093     0.0439      0.277      0.918      0.898      0.934        0.2       3.68       3.05          0     0.0158       0.67      0.281          0      0.123      0.669          0          0          0        0.5        0.7          0
         0          0   0.000715   0.000165      0.054     0.0341    0.00707    0.00986      0.142      0.884    0.00065       1.51      0.712      0.069     0.0455      0.204      0.648      0.645      0.575        0.2       2.92       3.81          0     0.0333      0.502      0.243          0     0.0802      0.569          0          0          0        0.5      0.536          0
         0          0   0.000733   0.000153     0.0567     0.0318    0.00903     0.0107      0.116       0.98    0.00081       1.94      0.625     0.0574     0.0472      0.204      0.935      0.641      0.595        0.2       2.72       3.05          0     0.0393      0.541      0.296          0     0.0817      0.777          0          0          0        0.5      0.515          0
   0.00188     0.0127   0.000779   0.000142     0.0896      0.486     0.0155     0.0106      0.105      0.905    0.00044        2.2       0.83     0.0877     0.0456      0.258      0.894      0.868      0.907        0.2       3.74       2.83          0     0.0143      0.611      0.281          0      0.135      0.684          0          0          0        0.5      0.611          0
         0          0   0.000647   0.000152     0.0962      0.203     0.0199     0.0106     0.0833      0.863    0.00059        2.4      0.663     0.0932     0.0443      0.256       1.32      0.786      0.907        0.2       3.71       2.45          0      0.015      0.568      0.222          0       0.14       0.44          0          0          0        0.5      0.616          0
         0          0   0.000616   0.000153      0.047     0.0404    0.00725     0.0113      0.154      0.908    0.00049       1.97      0.783     0.0631     0.0413        0.2        0.7      0.623      0.698        0.2       2.74       2.56          0     0.0352       0.53      0.352          0     0.0819      0.763          0          0          0        0.5      0.536          0
         0          0   0.000677   0.000137     0.0582      0.329     0.0079       0.01      0.103      0.948    0.00036       1.92      0.851     0.0926     0.0484       0.22      0.677       1.06       1.09        0.2       3.62       4.41          0      0.016      0.646      0.312          0       0.14      0.631          0          0          0        0.5      0.591          0
  0.000713     0.0329   0.000657   0.000138     0.0864      0.688     0.0152     0.0097      0.106      0.894    0.00039        2.2      0.849     0.0922     0.0457      0.245      0.894      0.945      0.915        0.2       3.78          3          0     0.0148      0.673      0.294          0      0.147      0.631          0          0          0        0.5      0.616          0
   0.00043     0.0062   0.000646    0.00013     0.0775       0.42     0.0211    0.00984      0.101      0.962    0.00042       2.34      0.827     0.0903     0.0394        0.3      0.918      0.784      0.864        0.2       3.72        4.6          0      0.015      0.646      0.293          0      0.152      0.603          0          0          0        0.5      0.679          0
         0          0   0.000578   0.000136     0.0979      0.763     0.0204    0.00947       0.11      0.917    0.00039       2.21      0.665      0.101      0.046        0.3      0.849      0.814      0.958        0.2       3.85       2.63          0     0.0131      0.766      0.306          0      0.107      0.695          0          0          0        0.5      0.829          0
         0          0    0.00058   0.000132     0.0909      0.458     0.0192      0.011        0.1      0.917     0.0005       2.43      0.653      0.101     0.0477        0.3      0.831      0.774      0.924        0.2        3.8       2.16          0     0.0141      0.793        0.4          0     0.0994      0.695          0          0          0        0.5      0.953          0
         0          0   0.000609   0.000125     0.0507     0.0334     0.0133     0.0102      0.121       0.98    0.00061       1.63       0.95     0.0747     0.0422      0.289      0.972      0.673        0.5        0.2       3.51          2          0     0.0348      0.563      0.296          0     0.0802      0.816          0          0          0        0.5      0.561          0
  0.000601     0.0094   0.000594   0.000125     0.0876      0.378     0.0169     0.0106      0.101      0.891    0.00048       2.34      0.799     0.0992     0.0445       0.27      0.945      0.818      0.907        0.2       3.72       3.03          0     0.0136      0.646      0.293          0      0.143      0.631          0          0          0        0.5      0.644          0
  0.000541      0.012    0.00061   0.000115     0.0943      0.434     0.0173    0.00894      0.114      0.896    0.00037       2.01      0.705      0.109     0.0476      0.309      0.849      0.814       1.09        0.2       3.63       2.63          0     0.0132      0.701      0.309          0      0.107      0.644          0          0          0        0.5      0.842          0
         0          0    0.00058   0.000114     0.0541     0.0338    0.00898     0.0106      0.142      0.872    0.00066       1.62      0.665     0.0721     0.0439      0.216      0.847      0.708      0.575        0.2       3.03          2          0     0.0333      0.447      0.316          0     0.0781      0.695          0          0          0        0.5      0.514          0
  0.000158    0.00146   0.000544   0.000115     0.0867      0.457     0.0158     0.0106      0.103      0.906    0.00044       2.18      0.827       0.09     0.0438      0.254      0.922      0.894      0.907        0.2       3.74          3          0     0.0151       0.65      0.294          0       0.14      0.631          0          0          0        0.5      0.614          0
         0          0   0.000515   0.000118     0.0869      0.313     0.0162     0.0118      0.107      0.926    0.00037        2.2      0.779     0.0906      0.043      0.249       1.05       1.01       1.23        0.2       3.66       2.92          0     0.0141      0.702      0.255          0      0.111      0.741          0          0          0        0.5      0.613          0
         0          0   0.000499   0.000117      0.089      0.671     0.0144     0.0112      0.108      0.906    0.00042       2.21      0.827     0.0924     0.0433      0.258      0.864      0.888      0.875        0.2       3.72       3.03          0     0.0144      0.619      0.281          0       0.14      0.634          0          0          0        0.5      0.616          0
         0          0   0.000526   0.000113     0.0954      0.527     0.0157    0.00982      0.111      0.905    0.00053       2.44      0.816     0.0947     0.0481      0.257      0.987      0.914      0.955        0.2       3.72          2          0     0.0159      0.647      0.301          0      0.137      0.631          0          0          0        0.5      0.616          0
         0          0   0.000486   0.000116     0.0504      0.495     0.0104     0.0106      0.106      0.925    0.00043       2.17      0.766     0.0839     0.0412      0.257      0.841      0.852       0.96        0.2       3.55       2.21          0     0.0162      0.619      0.279          0      0.131      0.647          0          0          0        0.5      0.652          0
         0          0   0.000467   0.000116     0.0893      0.311      0.016     0.0107      0.113      0.905    0.00046       2.16      0.794     0.0843     0.0443      0.237      0.995      0.946      0.915        0.2       3.72       4.42          0      0.015      0.712      0.293          0      0.127      0.568          0          0          0        0.5        0.6          0
         0          0   0.000468   0.000105       0.11      0.527     0.0214    0.00947      0.124       0.89    0.00042       2.13      0.531     0.0944     0.0499      0.294      0.814      0.783      0.786        0.2       5.53       2.24          0     0.0154      0.645      0.299          0     0.0839      0.673          0          0          0        0.5          1          0
         0          0   0.000456   9.58e-05     0.0777      0.487     0.0198     0.0115      0.103      0.915    0.00045       2.45      0.597     0.0967     0.0427      0.311      0.831      0.837      0.928        0.2        3.8       2.16          0     0.0136      0.795      0.398          0     0.0994      0.695          0          0          0        0.5      0.988          0
  2.64e-05    0.00188   0.000473   9.22e-05     0.0952      0.451     0.0167    0.00937      0.103       0.93    0.00045       2.31      0.751     0.0988     0.0437      0.248      0.937      0.768       0.91        0.2       3.87       2.68          0     0.0149      0.646      0.293          0      0.147      0.622          0          0          0        0.5      0.616          0
  0.000133     0.0094   0.000465   8.87e-05     0.0909      0.857     0.0178      0.011     0.0963      0.885    0.00046        2.2      0.677     0.0856     0.0457      0.284      0.981      0.888      0.841        0.2       3.72       2.25          0      0.015        0.6      0.275          0      0.143      0.637          0          0          0        0.5      0.616          0
         0          0   0.000445      9e-05     0.0956      0.462      0.022     0.0106     0.0899      0.905    0.00044        2.2      0.738     0.0943     0.0443      0.235      0.868      0.752      0.929        0.2       3.88          3          0     0.0124      0.699      0.293          0       0.14      0.621          0          0          0        0.5      0.638          0
         0          0   0.000437   8.69e-05     0.0851      0.329     0.0167    0.00992        0.1      0.921    0.00051       2.43      0.648     0.0935     0.0431      0.306      0.869      0.742      0.957        0.2       3.68       2.21          0     0.0139      0.779        0.4          0     0.0955       0.65          0          0          0        0.5      0.856          0
         0          0   0.000413    8.9e-05     0.0915      0.589     0.0227       0.01        0.1      0.937     0.0005          3        0.8        0.1       0.05        0.3          1        0.6          1        0.2          4          3          0      0.015        0.7        0.4          0        0.1        0.9          0          0          0        0.5          1          0
         0          0   0.000454   7.86e-05      0.089      0.412     0.0174    0.00961     0.0999      0.905     0.0004       1.83      0.812       0.09     0.0442      0.275      0.918      0.937       0.82        0.2       3.63       2.34          0     0.0149      0.624      0.298          0      0.147      0.647          0          0          0        0.5      0.677          0
         0          0   0.000351   7.09e-05     0.0891      0.483     0.0152     0.0106     0.0975      0.905    0.00042       2.22      0.797       0.09     0.0416      0.257      0.954      0.898      0.932        0.2       3.73        2.9          0     0.0152      0.615       0.31          0      0.142      0.624          0          0          0        0.5      0.616          0
         0          0   0.000331   6.55e-05     0.0885      0.672     0.0163     0.0106     0.0744      0.978    0.00045       1.73      0.906     0.0643     0.0445      0.233      0.897      0.888       1.01        0.2       3.76        4.1          0     0.0156      0.646      0.318          0      0.147      0.555          0          0          0        0.5      0.594          0
         0          0   0.000325   6.22e-05     0.0816      0.437     0.0157     0.0106     0.0992      0.907    0.00048        2.2      0.827       0.09     0.0433      0.257      0.939      0.888      0.964        0.2       3.73       2.84          0     0.0144       0.72      0.291          0      0.151      0.593          0          0          0        0.5      0.587          0
         0          0    0.00024   5.29e-05     0.0921       1.12     0.0242    0.00947       0.11      0.881    0.00038       2.02      0.737      0.103      0.046       0.37      0.893      0.961      0.936        0.2       4.18       2.52          0     0.0122       0.77      0.248          0      0.107      0.728          0          0          0        0.5      0.754          0
         0          0   0.000225   5.11e-05      0.105      0.888     0.0157     0.0119      0.125      0.875    0.00036        2.2      0.545     0.0903      0.052      0.234      0.957      0.986      0.903        0.2       3.74          3          0      0.015      0.654      0.316          0      0.127      0.603          0          0          0        0.5       0.75          0
         0          0   0.000231   4.48e-05     0.0774      0.578     0.0178     0.0106      0.105       0.92     0.0005       2.37      0.591      0.113     0.0429        0.3      0.767      0.761      0.924        0.2       4.15          2          0      0.014      0.793      0.447          0      0.111      0.733          0          0          0        0.5          1          0
         0          0    8.5e-05   1.95e-05      0.105      0.571     0.0246     0.0102     0.0865      0.973     0.0005          3        0.8     0.0786       0.05      0.342          1        0.6       1.06        0.2       3.98          3          0     0.0177      0.495       0.38          0      0.093      0.845          0          0          0        0.5      0.981          0
