0 0.474219 0.607292 0.142188 0.577083 
0 0.167969 0.660417 0.170312 0.570833 
0 0.170312 0.74375 0.253125 0.5125 
0 0.635938 0.7625 0.165625 0.475 
0 0.171875 0.4875 0.1375 0.575 
0 0.322656 0.54375 0.132812 0.579167 
0 0.126563 0.532292 0.140625 0.59375 
0 0.0703125 0.475 0.11875 0.595833 
0 0.21875 0.533333 0.1375 0.591667 
0 0.36875 0.6 0.1375 0.591667 
0 0.425781 0.605208 0.135937 0.589583 
0 0.778125 0.803125 0.0875 0.39375 
0 0.5125 0.722917 0.153125 0.554167 
0 0.271875 0.538542 0.13125 0.589583 
0 0.425 0.752083 0.2 0.495833 
0 0.321875 0.71875 0.175 0.5625 
