0 0.16875 0.660417 0.175 0.570833 
0 0.472656 0.604167 0.139062 0.5875 
0 0.172656 0.489583 0.139062 0.570833 
0 0.633594 0.764583 0.154687 0.470833 
0 0.217969 0.534375 0.142188 0.589583 
0 0.370313 0.5625 0.1375 0.558333 
0 0.0710938 0.473958 0.120312 0.59375 
0 0.761719 0.786458 0.0859375 0.427083 
0 0.421875 0.666667 0.140625 0.583333 
0 0.321875 0.598958 0.1375 0.589583 
0 0.128125 0.53125 0.14375 0.595833 
0 0.514063 0.667708 0.146875 0.589583 
0 0.271875 0.544792 0.134375 0.585417 
0 0.575 0.613542 0.2125 0.589583 
0 0.36875 0.720833 0.159375 0.558333 
