0 0.16875 0.660417 0.18125 0.570833 
0 0.471875 0.6125 0.140625 0.575 
0 0.171094 0.485417 0.142188 0.579167 
0 0.423438 0.607292 0.140625 0.585417 
0 0.734375 0.777083 0.08125 0.445833 
0 0.370313 0.6 0.140625 0.591667 
0 0.128906 0.530208 0.148438 0.59375 
0 0.898438 0.833333 0.103125 0.333333 
0 0.323438 0.597917 0.140625 0.591667 
0 0.923437 0.791667 0.1125 0.416667 
0 0.623438 0.7625 0.153125 0.475 
0 0.0710938 0.473958 0.120312 0.59375 
0 0.217187 0.535417 0.140625 0.5875 
0 0.372656 0.722917 0.207813 0.554167 
0 0.515625 0.667708 0.14375 0.59375 
