0 0.16875 0.6625 0.184375 0.570833 
0 0.472656 0.615625 0.142188 0.56875 
0 0.648438 0.757292 0.209375 0.485417 
0 0.171875 0.485417 0.140625 0.579167 
0 0.73125 0.422917 0.0875 0.445833 
0 0.828125 0.74375 0.1 0.5125 
0 0.36875 0.602083 0.14375 0.5875 
0 0.425 0.610417 0.14375 0.583333 
0 0.323438 0.54375 0.140625 0.579167 
0 0.128906 0.530208 0.148438 0.59375 
0 0.0710938 0.440625 0.123438 0.552083 
0 0.21875 0.533333 0.140625 0.591667 
0 0.325781 0.667708 0.192188 0.577083 
0 0.422656 0.75 0.204688 0.5 
