0 0.167187 0.660417 0.171875 0.570833 
0 0.466406 0.617708 0.142188 0.572917 
0 0.167969 0.742708 0.254687 0.514583 
0 0.171875 0.485417 0.1375 0.579167 
0 0.922656 0.785417 0.0953125 0.429167 
0 0.426562 0.723958 0.159375 0.552083 
0 0.5875 0.760417 0.23125 0.479167 
0 0.128125 0.53125 0.14375 0.595833 
0 0.0710938 0.472917 0.120312 0.595833 
0 0.370313 0.602083 0.140625 0.591667 
0 0.725 0.769792 0.071875 0.460417 
0 0.321875 0.6 0.1375 0.591667 
0 0.425 0.569792 0.14375 0.539583 
0 0.217969 0.535417 0.139062 0.591667 
